# X        Y       Z      
  10.95431 0.62935 4.26478 0.979564933 
  10.93944 0.9443  4.25421 0.978665008 
  10.91217 1.26087 4.23298 0.982295486 
  10.8665  1.56959 4.20353 0.988215119 
  10.83685 1.87762 4.18733 0.992664947 
  11.09378 0.31945 3.99803 0.993420000 
  11.10149 0.6395  4.00492 0.994861013 
  11.09018 0.95874 3.99549 0.996996441 
  11.07156 1.27897 3.97937 0.998544596 
  11.02662 1.59243 3.95072 0.999438185 
  11.01196 1.90905 3.94909 1.000292205 
  10.98175 2.22401 3.93462 1.001590493 
  10.97599 2.54414 3.94212 1.004248764 
  11.26486 0.32489 3.75226 1.006115879 
  11.30811 0.64959 3.77675 1.008207421 
  11.29088 0.97658 3.76302 1.007969484 
  11.2627  1.30271 3.74579 1.009688293 
  11.21582 1.62058 3.72405 1.010692003 
  11.18934 1.94084 3.71496 1.014948370 
  11.17394 2.26218 3.71117 1.016472086 
  11.16636 2.58455 3.71278 1.015933808 
  11.15132 2.89658 3.71594 1.016247576 
  11.47554 0.33122 3.50291 1.016637720 
  11.47399 0.66124 3.4984  1.016877954 
  11.41509 0.98638 3.47182 1.016484100 
  11.3852  1.31447 3.4613  1.015316137 
  11.37593 1.63868 3.45828 1.014057191 
  11.36538 1.96178 3.45637 1.012200660 
  11.34993 2.28486 3.45125 1.010296563 
  11.32116 2.60962 3.44135 1.004178496 
  11.29137 2.92459 3.43212 1.000035599 
  11.25368 3.23555 3.42145 0.995963354 
  11.61388 0.34168 3.22412 0.994718793 
  11.59503 0.67321 3.21293 0.994125890 
  11.52506 0.99933 3.18612 0.991367408 
  11.47828 1.32622 3.17037 0.990077253 
  11.47474 1.65112 3.16886 0.985819408 
  11.48052 1.97774 3.17051 0.985854926 
  11.46298 2.30359 3.16517 0.982732419 
  11.41695 2.62903 3.15218 0.982611753 
  11.36956 2.94391 3.1406  0.978725006 
  11.66003 0.67751 2.90845 0.977164458 
  11.59558 1.00665 2.88764 0.979967348 
  11.54392 1.33576 2.87241 0.985158373 
  11.545   1.66199 2.87217 0.991749581 
  11.54826 1.99056 2.87265 0.993336521 
  11.52028 2.31722 2.86593 0.994178114 
  11.47225 2.64295 2.85429 0.994947552 
