1.046632875 
 1.028800270 
 1.069327661 
 1.087160266 
 1.040105023 
 1.006807564 
 0.969869709 
 0.949747999 
 0.968853249 
 0.975926631 
 1.003380690 
 1.036834699 
 1.052275652 
 1.061228082 
 1.063619735 
 1.056389802 
 1.040654521 
 1.027516565 
 1.007847253 
 0.983497855 
 0.966473013 
 0.947323391 
 0.944226524 
 0.938091137 
 0.950685993 
 0.953185223 
 0.969117174 
 0.994072005 
 1.009976272 
 1.034725909 
 1.042427716 
 1.052141482 
 1.053392106 
 1.047751477 
 1.048357521 
 1.045210698 
 1.034921755 
 1.032293509 
 1.016365128 
 1.005056829 
 0.983771145 
 0.969536726 
 0.952733593 
 0.946120533 
 0.943774045 
 0.934176643 
 0.931590603 
 0.928693589 
 0.937693352 
 0.935915186 
 0.938263830 
 0.955973947 
 0.949546531 
 0.978594026 
 0.973428679 
 1.012512731 
 1.012813694 
 1.039628914 
 1.049041717 
 1.047160380 
 1.044619516 
 1.041429321 
 1.041414459 
 1.039486530 
 1.009914265 
 1.014080510 
 0.988044455 
 0.992957320 
 0.964580733 
 0.966702858 
 0.938561104 
 0.938826258 
 0.914307995 
 0.919197627 
 0.937102830 
 0.939358408 
 0.938778709 
 0.928219379 
 0.920720299 
 0.920170025 
 0.926365150 
 0.926343018 
 0.921413188 
 0.923783963 
 0.915236590 
 0.923289041 
 0.914896618 
 0.935988761 
 0.948953373 
 0.986694254 
 1.006147810 
 1.027570817 
 1.034932482 
 1.044344886 
 1.047159982 
 1.045900193 
 1.042710396 
 1.036216598 
 1.033007594 
 1.024276574 
 1.007733164 
 0.993122193 
 0.969774413 
 0.960530430 
 0.946781213 
 0.945918651 
 0.936780936 
 0.927301265 
 0.918121012 
 0.904862588 
 0.904469117 
 0.910284160 
 0.915567263 
 0.940436782 
 0.946322724 
 0.952537781 
 0.935014134 
 0.927894096 
 0.920549067 
 0.932522706 
 0.932121533 
 0.929604005 
 0.911621886 
 0.909209584 
 0.902314124 
 0.905970354 
 0.911640678 
 0.912514490 
 0.929359779 
 0.944706519 
 0.981428820 
 1.005129229 
 1.025355650 
 1.021663402 
 1.022859989 
 1.023640024 
 1.037763257 
 1.041082554 
 1.046404395 
 1.036487150 
 1.029489150 
 1.015272277 
 1.013268705 
 1.013517367 
 1.033720840 
 1.013285314 
 1.003360197 
 0.974460267 
 0.964620538 
 0.946185467 
 0.947487346 
 0.938945377 
 0.948450393 
 0.937105700 
 0.947060806 
 0.927682648 
 0.941440859 
 0.948018952 
 0.940075783 
 0.986921025 
 0.981998922 
 1.017624907 
 0.982277824 
 1.003970714 
 0.967110632 
 0.986001867 
 0.958758970 
 0.966779476 
 0.938025684 
 0.926218322 
 0.907837012 
 0.901662255 
 0.894889044 
 0.897953214 
 0.911187037 
 0.921218271 
 0.944198396 
 0.951466092 
 0.974633053 
 0.989249040 
 1.009924024 
 1.022330224 
 1.019438897 
 1.008298568 
 1.007497646 
 0.999344174 
 1.014289964 
 1.030164546 
 1.042833901 
 1.049186654 
 1.037518061 
 1.039222020 
 1.023974235 
 1.036666873 
 1.028213576 
 1.042864899 
 1.031439917 
 1.038099426 
 1.027948083 
 1.013644380 
 0.994613283 
 0.974489371 
 0.967364704 
 0.958797751 
 0.971208514 
 0.969403126 
 0.986490856 
 0.975493230 
 0.987748540 
 0.973074327 
 0.989602543 
 0.990552410 
 0.980602287 
 1.010135993 
 1.024397900 
 1.055034705 
 1.053183815 
 1.063147054 
 1.049281036 
 1.074105038 
 1.047685951 
 1.058398387 
 1.004734809 
 0.993252245 
 0.943489549 
 0.945940574 
 0.927171541 
 0.906339207 
 0.904632202 
 0.899356795 
 0.902106281 
 0.910872353 
 0.930921710 
 0.954216519 
 0.979836809 
 0.992985647 
 1.009288493 
 1.011610882 
 1.016777209 
 1.012199024 
 1.003159037 
 0.990780821 
 0.988680478 
 0.986599083 
 0.998063701 
 1.022606871 
 1.039761925 
 1.059038176 
 1.055793549 
 1.059737550 
 1.054834614 
 1.063218351 
 1.060298395 
 1.060726925 
 1.051746726 
 1.035943158 
 1.036100714 
 1.032133416 
 1.053911631 
 1.043066789 
 1.038838458 
 1.004688655 
 1.005361530 
 0.988161490 
 0.998943521 
 0.990557498 
 1.015097658 
 1.012836404 
 1.024810881 
 1.010720643 
 1.022225272 
 1.015781385 
 1.017989959 
 1.018717046 
 1.017458339 
 1.024226650 
 1.026854427 
 1.025476291 
 1.039394662 
 1.021855449 
 1.047458731 
 1.047168518 
 1.087680843 
 1.098683584 
 1.095820216 
 1.078727805 
 1.029823412 
 0.989048004 
 0.954927861 
 0.941238615 
 0.940674936 
 0.935595150 
 0.932996299 
 0.922865685 
 0.958781249 
 0.943297252 
 0.978460279 
 0.957318665 
 1.003075362 
 1.002298697 
 1.041181086 
 1.035022045 
 1.050706156 
 1.030138931 
 1.027814644 
 1.005412936 
 0.998449243 
 0.983899476 
 0.978484952 
 0.982492710 
 0.992707185 
 1.019959455 
 1.038394523 
 1.054553764 
 1.058042362 
 1.057494929 
 1.062434744 
 1.062888589 
 1.068575132 
 1.066822584 
 1.061894333 
 1.057660280 
 1.040689303 
 1.040153360 
 1.093158971 
 1.072045348 
 1.091678891 
 1.077512471 
 1.082240062 
 1.054410892 
 1.037121121 
 1.022221561 
 1.008717704 
 1.002639703 
 1.000764260 
 1.021608237 
 1.032751404 
 1.038215302 
 1.024402695 
 1.022502904 
 1.019342344 
 1.021273286 
 1.006165202 
 0.982717722 
 0.998552893 
 0.980337585 
 1.007270048 
 0.982343383 
 0.997921849 
 0.977839843 
 0.987855073 
 0.987906027 
 1.021616190 
 1.050280200 
 1.086835268 
 1.097666191 
 1.092422097 
 1.056475256 
 1.002005555 
 0.947291694 
 0.920644896 
 0.905454958 
 0.920097057 
 0.934723317 
 0.953140647 
 0.956493416 
 1.001137085 
 1.013555532 
 1.064188032 
 1.044576776 
 1.071542160 
 1.051182360 
 1.081806286 
 1.072581678 
 1.084117526 
 1.068401045 
 1.060101668 
 1.040082492 
 1.030293270 
 1.011061729 
 1.006893531 
 0.990791710 
 0.980410141 
 0.979434350 
 0.986931443 
 1.010997988 
 1.033811525 
 1.047547422 
 1.049854592 
 1.048266743 
 1.052418482 
 1.059216484 
 1.064746777 
 1.072138729 
 1.068527994 
 1.075547569 
 1.069608106 
 1.082710504 
 1.070226735 
 1.087287711 
 1.130248288 
 1.124726629 
 1.128085239 
 1.116151123 
 1.100770079 
 1.081025438 
 1.042936403 
 1.026861256 
 0.993489972 
 0.990245980 
 0.961347643 
 0.977943923 
 0.972831500 
 1.006795004 
 1.001949254 
 1.014093047 
 1.004478606 
 1.011627694 
 1.014363031 
 1.006969597 
 0.993988696 
 0.961659098 
 0.951192519 
 0.916473169 
 0.929783064 
 0.911617728 
 0.937245584 
 0.935131831 
 0.960147625 
 0.955964930 
 0.973708103 
 0.975534903 
 1.018396837 
 1.045997368 
 1.088711655 
 1.096545025 
 1.069552721 
 1.046646966 
 0.978855639 
 0.951528818 
 0.904774936 
 0.902944386 
 0.908549801 
 0.925022450 
 0.973524250 
 0.987016188 
 1.037429192 
 1.048197321 
 1.088700162 
 1.092272425 
 1.102698151 
 1.101579141 
 1.107856892 
 1.108443838 
 1.106765001 
 1.091663298 
 1.068774194 
 1.052929045 
 1.037883118 
 1.035266519 
 1.033950417 
 1.024808969 
 1.026037648 
 1.010151638 
 0.992821139 
 0.978275964 
 0.975270744 
 0.979699823 
 1.007929974 
 1.025554592 
 1.042358502 
 1.044941049 
 1.048542119 
 1.057418699 
 1.063941325 
 1.074330320 
 1.076997431 
 1.083763513 
 1.085924387 
 1.095438445 
 1.098164026 
 1.105858791 
 1.107466245 
 1.118859164 
 1.137603953 
 1.139706555 
 1.135614083 
 1.129514426 
 1.108657378 
 1.091847147 
 1.057529239 
 1.028363135 
 0.985591234 
 0.966793218 
 0.948197150 
 0.945995567 
 0.937808246 
 0.948047899 
 0.958310099 
 0.978247950 
 0.989125681 
 1.003212542 
 1.003259299 
 1.007260699 
 1.000244655 
 0.994366085 
 0.970341529 
 0.948165246 
 0.939860205 
 0.916088636 
 0.903168179 
 0.891182727 
 0.886322381 
 0.888135880 
 0.911317474 
 0.926277441 
 0.945909103 
 0.935581151 
 0.947463779 
 0.971076263 
 1.026747918 
 1.044327311 
 1.071410132 
 1.077878944 
 1.080108082 
 1.077531162 
 1.016743226 
 0.983756221 
 0.916711264 
 0.910731012 
 0.914636097 
 0.926221764 
 0.971915303 
 1.002745140 
 1.060172111 
 1.081364225 
 1.105518663 
 1.102086470 
 1.102966510 
 1.100005927 
 1.097197121 
 1.106167096 
 1.106523118 
 1.106534077 
 1.097501620 
 1.074843439 
 1.065883429 
 1.044768256 
 1.049374272 
 1.041173032 
 1.047038403 
 1.041044466 
 1.040340430 
 1.027565291 
 1.012383317 
 0.986459721 
 0.969682866 
 0.954103355 
 0.967125532 
 0.985424902 
 1.015623811 
 1.034008867 
 1.046522195 
 1.057300945 
 1.064596379 
 1.073695820 
 1.076907134 
 1.084728332 
 1.088917599 
 1.096892025 
 1.101251998 
 1.104473708 
 1.106354920 
 1.110122106 
 1.121018896 
 1.130305419 
 1.132412210 
 1.133901187 
 1.124955303 
 1.124565597 
 1.105040283 
 1.095231721 
 1.068082467 
 1.047190215 
 1.016153297 
 0.983720419 
 0.971227829 
 0.954502575 
 0.971320299 
 0.956827553 
 0.964702693 
 0.955945586 
 0.964475491 
 0.977717734 
 0.987406548 
 0.998861251 
 0.993019416 
 0.990401419 
 0.981233037 
 0.967051717 
 0.953791932 
 0.936986794 
 0.928070296 
 0.919954828 
 0.916278209 
 0.902218197 
 0.890043171 
 0.873661885 
 0.876614939 
 0.876617670 
 0.903098577 
 0.913525927 
 0.926376840 
 0.932975480 
 0.965792276 
 0.985718460 
 1.008581839 
 0.984047692 
 1.026261975 
 1.024494161 
 1.073534210 
 1.033002386 
 1.004012333 
 0.948095564 
 0.921859201 
 0.922394124 
 0.963142241 
 0.966512402 
 1.018348449 
 1.012165683 
 1.052195265 
 1.069371856 
 1.094025713 
 1.108980405 
 1.104888614 
 1.102306910 
 1.092963058 
 1.090813851 
 1.087369618 
 1.094108909 
 1.097644270 
 1.101026021 
 1.100137943 
 1.087653531 
 1.083817261 
 1.066653174 
 1.063574230 
 1.052160698 
 1.050864989 
 1.045038658 
 1.039119478 
 1.027774248 
 1.020918287 
 0.997125156 
 0.977848563 
 0.959295059 
 0.952326706 
 0.965523553 
 0.985599574 
 1.013869049 
 1.032079433 
 1.047308753 
 1.060016938 
 1.068042797 
 1.074426245 
 1.080029069 
 1.087119841 
 1.090853495 
 1.096436411 
 1.093727293 
 1.097404617 
 1.097869778 
 1.108706055 
 1.120729304 
 1.131431878 
 1.137241435 
 1.125126093 
 1.126074634 
 1.113819630 
 1.111211322 
 1.104352703 
 1.098571370 
 1.083657241 
 1.062976899 
 1.039277188 
 1.013345837 
 0.999486182 
 0.989801051 
 1.001665339 
 0.999909841 
 0.996178302 
 0.975463901 
 0.954941269 
 0.952709966 
 0.948384767 
 0.969839107 
 0.973526231 
 0.985251837 
 0.991406482 
 0.990005679 
 1.002990808 
 0.980958382 
 0.984249850 
 0.959635115 
 0.939538510 
 0.926232771 
 0.915565587 
 0.903073455 
 0.893402683 
 0.875014472 
 0.867448699 
 0.863003452 
 0.869219369 
 0.885587744 
 0.903413396 
 0.925230121 
 0.941941293 
 0.956071292 
 0.967031663 
 0.958810979 
 0.952963629 
 0.927073437 
 0.956389686 
 0.949534836 
 0.977107487 
 0.956169267 
 0.956147396 
 0.930983567 
 0.923466658 
 0.925472848 
 0.974040468 
 1.012782394 
 1.075251936 
 1.077447829 
 1.095697836 
 1.076628038 
 1.063877616 
 1.064098700 
 1.055079220 
 1.080914441 
 1.071400844 
 1.086031164 
 1.084895356 
 1.088383017 
 1.096621954 
 1.099143916 
 1.105588223 
 1.103200499 
 1.091848451 
 1.084949624 
 1.070207744 
 1.065996436 
 1.054575825 
 1.050857910 
 1.046429467 
 1.040517367 
 1.036523826 
 1.029165344 
 1.021813656 
 1.004094047 
 0.986261508 
 0.972345673 
 0.964655817 
 0.972571516 
 0.980407606 
 1.000612786 
 1.013998208 
 1.030334402 
 1.045434563 
 1.054607014 
 1.064507063 
 1.070431380 
 1.079569938 
 1.079286853 
 1.083479638 
 1.077029782 
 1.081694520 
 1.081658903 
 1.094156837 
 1.107969478 
 1.123705667 
 1.135708831 
 1.138542025 
 1.132764259 
 1.124705441 
 1.123785700 
 1.111951348 
 1.111211292 
 1.106220955 
 1.104511349 
 1.087728968 
 1.072781849 
 1.045010411 
 1.028864290 
 1.009271412 
 1.013639205 
 1.015718264 
 1.016951853 
 0.999167389 
 0.972344191 
 0.948832472 
 0.939509455 
 0.941293053 
 0.934068556 
 0.944847395 
 0.946938713 
 0.981772194 
 1.004596435 
 1.027215853 
 1.025378903 
 1.004445326 
 0.979830592 
 0.966583994 
 0.933082778 
 0.917598453 
 0.898256313 
 0.888680748 
 0.875109679 
 0.870615602 
 0.866075147 
 0.870283490 
 0.883580171 
 0.895035059 
 0.918859357 
 0.914056101 
 0.934556864 
 0.933452633 
 0.946746376 
 0.932275906 
 0.918450316 
 0.919983603 
 0.921751874 
 0.944247701 
 0.951092443 
 0.964746443 
 0.944659437 
 0.937998608 
 0.926328928 
 0.974896548 
 1.024375355 
 1.085988816 
 1.107149808 
 1.114662935 
 1.101835276 
 1.070119755 
 1.040094496 
 1.024832877 
 1.027198646 
 1.047931391 
 1.059135912 
 1.081469557 
 1.081503977 
 1.093168713 
 1.089987792 
 1.099885341 
 1.081640368 
 1.075991202 
 1.057677654 
 1.058793022 
 1.046093636 
 1.046087747 
 1.037049168 
 1.041108804 
 1.037091817 
 1.038418938 
 1.031060457 
 1.015518694 
 0.995903973 
 0.974187333 
 0.968461572 
 0.965600395 
 0.977400195 
 0.988933770 
 1.004310271 
 1.017238154 
 1.029876864 
 1.045017997 
 1.054647985 
 1.064615205 
 1.070498551 
 1.069488173 
 1.069137918 
 1.061015527 
 1.064714606 
 1.071571759 
 1.083851318 
 1.100999001 
 1.112619228 
 1.127251966 
 1.134605380 
 1.137017922 
 1.132343607 
 1.127037381 
 1.125622485 
 1.121630747 
 1.117147272 
 1.105018210 
 1.084048785 
 1.068594805 
 1.048788238 
 1.036829161 
 1.023380366 
 1.019783289 
 1.017133628 
 1.012223134 
 0.995163782 
 0.973069303 
 0.954634120 
 0.944585991 
 0.938448229 
 0.926147196 
 0.905925811 
 0.915938489 
 0.926374057 
 0.980198523 
 0.982869722 
 1.005430685 
 0.971250511 
 0.939035905 
 0.918885063 
 0.912060724 
 0.901198549 
 0.897478437 
 0.880466559 
 0.877486270 
 0.871843656 
 0.876646321 
 0.886541043 
 0.889842316 
 0.893533077 
 0.897679461 
 0.917098255 
 0.930054576 
 0.931938482 
 0.925672608 
 0.927543318 
 0.944952651 
 0.959888764 
 0.962623419 
 0.960636356 
 0.970714733 
 0.968163992 
 1.005973119 
 1.050973175 
 1.090536403 
 1.094715921 
 1.098501667 
 1.087803066 
 1.061111417 
 1.062073547 
 1.043422395 
 1.067568286 
 1.062549058 
 1.068503161 
 1.065124435 
 1.056946833 
 1.070145454 
 1.065846680 
 1.067444045 
 1.060556386 
 1.056439160 
 1.055629135 
 1.044168242 
 1.033616550 
 1.026503366 
 1.015083777 
 1.021612593 
 1.007397952 
 0.984479731 
 0.970883834 
 0.934794524 
 0.935236847 
 0.935688694 
 0.977585817 
 0.990955761 
 1.015231598 
 1.026671277 
 1.043818966 
 1.057120737 
 1.068286987 
 1.069926656 
 1.065244496 
 1.061260440 
 1.057381727 
 1.068016452 
 1.078507405 
 1.098355209 
 1.108567246 
 1.119010945 
 1.126075438 
 1.129042367 
 1.132631438 
 1.129022484 
 1.128700684 
 1.120817208 
 1.114836616 
 1.090197255 
 1.080030403 
 1.054075366 
 1.058311062 
 1.039575140 
 1.042664041 
 1.023819607 
 1.022194471 
 0.998449141 
 0.981236917 
 0.959516376 
 0.949809904 
 0.938789886 
 0.930260202 
 0.909697160 
 0.905971034 
 0.912635253 
 0.923076423 
 0.939486427 
 0.929832785 
 0.903522740 
 0.905901522 
 0.898251944 
 0.900691034 
 0.886841961 
 0.880649076 
 0.880239260 
 0.881879119 
 0.894393406 
 0.892461882 
 0.897755727 
 0.899282547 
 0.916971848 
 0.928325084 
 0.934054553 
 0.929518171 
 0.934945675 
 0.948509445 
 0.943204024 
 0.942381885 
 0.943105231 
 0.973425142 
 1.015874457 
 1.049283379 
 1.088561614 
 1.093274219 
 1.088729925 
 1.081645516 
 1.081680787 
 1.086872851 
 1.091411501 
 1.097386050 
 1.079496937 
 1.082709812 
 1.063538434 
 1.069556245 
 1.058665868 
 1.061784365 
 1.062077517 
 1.057648286 
 1.055317129 
 1.042550286 
 1.032310600 
 1.010071601 
 0.999957964 
 0.983568558 
 0.970810072 
 0.935631935 
 0.924518114 
 0.924132550 
 0.953645803 
 0.978571890 
 0.988537884 
 1.012361434 
 1.019270297 
 1.046881911 
 1.054350891 
 1.066229386 
 1.068341111 
 1.068054326 
 1.078154084 
 1.081994924 
 1.098065473 
 1.103934806 
 1.115579834 
 1.120443936 
 1.125314372 
 1.126848311 
 1.128712450 
 1.132835650 
 1.126843291 
 1.126962156 
 1.104788629 
 1.101653256 
 1.081130726 
 1.086419685 
 1.066688923 
 1.066888106 
 1.041238088 
 1.030065201 
 0.993809361 
 0.983790156 
 0.961511240 
 0.955160734 
 0.934929714 
 0.928924928 
 0.920529291 
 0.907591370 
 0.903474283 
 0.893574242 
 0.880870152 
 0.883169072 
 0.888680065 
 0.889913864 
 0.900531729 
 0.897050010 
 0.905917981 
 0.901621518 
 0.899729155 
 0.897794889 
 0.893013702 
 0.910663841 
 0.933669008 
 0.945706484 
 0.954585418 
 0.948360991 
 0.947685664 
 0.928964927 
 0.946310170 
 0.961272613 
 1.025001446 
 1.080041102 
 1.109035639 
 1.113734579 
 1.090888750 
 1.061456236 
 1.057405066 
 1.056849760 
 1.092292094 
 1.089447667 
 1.097754498 
 1.087028920 
 1.078002044 
 1.062050876 
 1.056723572 
 1.043979673 
 1.044611235 
 1.029833978 
 1.030104186 
 1.012519434 
 1.002726535 
 0.979854411 
 0.966342241 
 0.946184081 
 0.944490963 
 0.952338249 
 0.971116929 
 0.982390477 
 0.996089032 
 1.009145303 
 1.029925841 
 1.047519816 
 1.058814976 
 1.067757776 
 1.079764363 
 1.090447456 
 1.100998686 
 1.104775862 
 1.111731149 
 1.116665788 
 1.123715830 
 1.127500312 
 1.134095063 
 1.136702225 
 1.135561678 
 1.131156405 
 1.119421512 
 1.106251162 
 1.093771866 
 1.084597936 
 1.077444938 
 1.066034539 
 1.044304820 
 1.027392408 
 1.003133584 
 0.986392379 
 0.960698445 
 0.951738076 
 0.940195579 
 0.935058423 
 0.910849851 
 0.894028674 
 0.899451364 
 0.891803835 
 0.925065218 
 0.932559313 
 0.961496882 
 0.938337269 
 0.941401967 
 0.907090316 
 0.916841578 
 0.904699230 
 0.940629294 
 0.951948933 
 0.997338423 
 0.987937432 
 1.009459683 
 0.975432341 
 0.996377915 
 0.985976480 
 1.055978580 
 1.099209226 
 1.127970688 
 1.112255942 
 1.068587320 
 1.024072429 
 1.016386040 
 1.026331796 
 1.063951089 
 1.056194746 
 1.070965746 
 1.058990747 
 1.059102753 
 1.052744637 
 1.042948860 
 1.039286814 
 1.025540370 
 1.012506382 
 0.999215238 
 0.975910168 
 0.972387826 
 0.961126780 
 0.983611789 
 0.985754652 
 1.006633538 
 1.005694370 
 1.019279017 
 1.030454218 
 1.046963548 
 1.057730331 
 1.068683808 
 1.081775041 
 1.097258586 
 1.105799138 
 1.110208688 
 1.112363521 
 1.119769711 
 1.126187381 
 1.131464048 
 1.131845764 
 1.132678669 
 1.125516668 
 1.110824054 
 1.102708398 
 1.088961575 
 1.093761493 
 1.077987455 
 1.071823873 
 1.042958545 
 1.023830438 
 0.991523097 
 0.984350768 
 0.970259681 
 0.984892730 
 0.961233968 
 0.942448087 
 0.949963108 
 0.940227768 
 0.958588406 
 0.972363425 
 0.966216916 
 0.958415071 
 0.958649407 
 0.951387565 
 0.977348620 
 0.978732697 
 1.016737723 
 1.024023809 
 1.062426906 
 1.057263770 
 1.074966025 
 1.048107511 
 1.080936722 
 1.107384665 
 1.109942422 
 1.080813572 
 1.038612202 
 0.994358756 
 0.989764740 
 0.998862999 
 1.027673713 
 1.025892543 
 1.042438578 
 1.046859080 
 1.057053134 
 1.060259881 
 1.052289338 
 1.046578875 
 1.020542363 
 1.003728876 
 1.029336766 
 1.020480724 
 1.042907616 
 1.026917566 
 1.027272098 
 1.020572716 
 1.017802607 
 1.033018238 
 1.042342645 
 1.067241432 
 1.079905931 
 1.096831853 
 1.103622112 
 1.108458395 
 1.113282734 
 1.122439216 
 1.125132628 
 1.121142614 
 1.120693749 
 1.109105090 
 1.105812353 
 1.100539317 
 1.102235281 
 1.104036835 
 1.089399466 
 1.068013451 
 1.031309752 
 1.021535603 
 1.006883960 
 1.027103616 
 1.019203472 
 1.003059731 
 1.005863558 
 0.971127572 
 0.964692575 
 0.946006900 
 0.946018271 
 0.966462623 
 0.974910855 
 0.993058694 
 1.003855098 
 1.026150049 
 1.049071825 
 1.078062595 
 1.099069966 
 1.101136532 
 1.100725960 
 1.106003016 
 1.083532870 
 1.052083982 
 1.005111239 
 0.990815677 
 0.989161454 
 1.010937276 
 1.018857652 
 1.020136225 
 1.031591619 
 1.031768900 
 1.050243108 
 1.048531629 
 1.052837938 
 1.052409317 
 1.066385866 
 1.065740206 
 1.062894729 
 1.040416670 
 1.026242194 
 1.010327513 
 1.011041691 
 1.027841192 
 1.051055098 
 1.078221049 
 1.093739269 
 1.102214410 
 1.109362389 
 1.115594430 
 1.113142155 
 1.104968527 
 1.101380328 
 1.092258684 
 1.094710411 
 1.101355138 
 1.108985598 
 1.116508211 
 1.090173433 
 1.075454248 
 1.043520117 
 1.050646378 
 1.048881519 
 1.043785202 
 1.045347246 
 1.000990605 
 0.989436360 
 0.953149702 
 0.967422891 
 0.968739692 
 0.979772423 
 0.996739989 
 1.020070749 
 1.050107633 
 1.077463859 
 1.097435421 
 1.104779043 
 1.103199647 
 1.072974733 
 1.058366243 
 1.023179931 
 1.032503419 
 1.021914987 
 1.037573341 
 1.027874203 
 1.020858295 
 1.013297598 
 1.018420150 
 1.035179973 
 1.053462831 
 1.057255135 
 1.067332692 
 1.059553071 
 1.040940632 
 1.033878774 
 1.019894514 
 1.040784658 
 1.055145740 
 1.082910242 
 1.094337819 
 1.104350699 
 1.110900128 
 1.097685622 
 1.091090055 
 1.089251317 
 1.091802110 
 1.101454204 
 1.118186773 
 1.125610320 
 1.125637673 
 1.101816379 
 1.087433664 
 1.068197794 
 1.067994979 
 1.068813776 
 1.034611799 
 1.022873534 
 0.991971285 
 1.019214955 
 1.005699291 
 1.037628474 
 1.035032365 
 1.067371474 
 1.079766083 
 1.098158250 
 1.093642173 
 1.084075081 
 1.064307150 
 1.047921801 
 1.047996795 
 1.048236768 
 1.042838626 
 1.025159291 
 1.006720077 
 1.007541634 
 1.028093760 
 1.021845342 
 1.043227095 
 1.035739589 
 1.045003706 
 1.051872716 
 1.061637928 
 1.081613682 
 1.088524913 
 1.094911612 
 1.099309821 
 1.091863060 
 1.095539319 
 1.097317107 
 1.102527233 
 1.113744804 
 1.120311712 
 1.124781033 
 1.114346378 
 1.100820303 
 1.082403230 
 1.085053681 
 1.059725963 
 1.075082573 
 1.065473814 
 1.097715527 
 1.083385851 
 1.095027469 
 1.081609202 
 1.089487734 
 1.084276689 
 1.068663198 
 1.044369283 
 1.040088229 
 1.027228148 
 1.029738572 
 0.991653035 
 0.986313875 
 0.980887012 
 0.962449933 
 0.995920755 
 1.008710025 
 1.055397868 
 1.073560945 
 1.090011547 
 1.096071584 
 1.094060417 
 1.096881098 
 1.097071660 
 1.100940007 
 1.100090781 
 1.108244914 
 1.112711518 
 1.114343661 
 1.103468037 
 1.108161438 
 1.105103693 
 1.121120901 
 1.123341494 
 1.129825043 
 1.115840695 
 1.097211382 
 1.089947338 
 1.052718730 
 1.024931956 
 1.003722427 
 0.974517307 
 0.959937491 
 0.936161251 
 0.941302645 
 0.980380596 
 1.022903809 
 1.069396314 
 1.084991338 
 1.095216005 
 1.092840421 
 1.097971592 
 1.101353605 
 1.108970828 
 1.112174608 
 1.118500152 
 1.119361086 
 1.125039580 
 1.126270470 
 1.128835340 
 1.107586948 
 1.088411770 
 1.042985386 
 1.007717664 
 0.960459114 
 0.951020692 
 0.980331568 
 1.013136734 
 1.057063093 
 1.082425191 
 1.096098732 
 1.101267477 
 1.110757560 
 1.114822274 
 1.102195008 
 1.107964710 
 1.091354401 
 1.064440966 
 1.026230613 
 1.008282939 
 1.049630476 
 1.065605464 
 1.081778711 
 1.078641527 
 1.057497794 
 1.060634978 
 