 -0.721  0.987 -0.621 40.122
 -0.721  0.988 -0.621 38.392
 -0.720  0.988 -0.621 38.386
 -0.720  0.989 -0.621 38.379
 -0.720  0.990 -0.621 38.373
 -0.720  0.991 -0.621 38.158
 -0.719  0.991 -0.621 38.152
 -0.719  0.992 -0.620 38.146
 -0.719  0.994 -0.620 30.891
 -0.718  0.994 -0.620 30.878
 -0.718  0.995 -0.620 32.344
 -0.718  0.996 -0.620 32.332
 -0.717  0.996 -0.620 32.319
 -0.717  0.997 -0.619 32.307
 -0.717  0.998 -0.619 29.171
 -0.716  0.999 -0.619 29.338
 -0.716  1.000 -0.619 29.308
 -0.715  1.001 -0.619 32.351
 -0.715  1.001 -0.619 32.333
 -0.715  1.002 -0.619 31.771
 -0.714  1.003 -0.618 31.749
 -0.714  1.003 -0.618 32.806
 -0.713  1.004 -0.618 32.786
 -0.713  1.005 -0.618 32.766
 -0.712  1.006 -0.618 32.727
 -0.712  1.007 -0.618 32.707
 -0.711  1.007 -0.618 31.777
 -0.711  1.008 -0.617 31.757
 -0.710  1.009 -0.617 34.004
 -0.710  1.009 -0.617 33.984
 -0.709  1.010 -0.617 33.963
 -0.709  1.011 -0.617 33.942
 -0.708  1.012 -0.617 33.901
 -0.708  1.013 -0.617 33.881
 -0.707  1.013 -0.617 34.256
 -0.707  1.014 -0.616 34.236
 -0.706  1.015 -0.616 34.217
 -0.706  1.015 -0.616 34.197
 -0.706  1.016 -0.616 34.177
 -0.705  1.017 -0.616 34.353
 -0.704  1.018 -0.616 34.313
 -0.704  1.019 -0.616 34.522
 -0.703  1.019 -0.615 34.502
 -0.703  1.020 -0.615 34.483
 -0.703  1.021 -0.615 34.464
 -0.702  1.021 -0.615 34.444
 -0.702  1.022 -0.615 34.425
 -0.701  1.023 -0.615 34.406
 -0.700  1.024 -0.615 30.104
 -0.700  1.025 -0.614 29.320
 -0.699  1.025 -0.614 29.298
 -0.699  1.026 -0.614 29.275
 -0.699  1.027 -0.614 29.253
 -0.698  1.027 -0.614 29.230
 -0.698  1.028 -0.614 29.208
 -0.697  1.029 -0.614 29.186
 -0.696  1.030 -0.614 27.011
 -0.696  1.031 -0.613 26.985
 -0.695  1.031 -0.613 28.370
 -0.695  1.032 -0.613 28.343
 -0.694  1.033 -0.613 28.315
 -0.694  1.033 -0.613 28.288
 -0.693  1.034 -0.613 28.261
 -0.693  1.034 -0.613 28.268
 -0.692  1.036 -0.612 28.214
 -0.691  1.036 -0.612 28.187
 -0.691  1.037 -0.612 28.160
 -0.690  1.038 -0.612 27.704
 -0.690  1.038 -0.612 27.678
 -0.689  1.039 -0.612 27.651
 -0.689  1.040 -0.612 27.625
 -0.688  1.040 -0.612 28.925
 -0.687  1.042 -0.611 28.878
 -0.687  1.042 -0.611 28.854
 -0.686  1.043 -0.611 28.830
 -0.686  1.043 -0.611 28.807
 -0.685  1.044 -0.611 27.638
 -0.685  1.045 -0.611 27.095
 -0.684  1.045 -0.611 27.072
 -0.684  1.046 -0.611 27.049
 -0.683  1.047 -0.610 22.567
 -0.682  1.048 -0.610 22.541
 -0.682  1.049 -0.610 22.515
 -0.682  1.049 -0.610 22.489
 -0.681  1.050 -0.610 23.569
 -0.681  1.051 -0.610 22.643
 -0.680  1.051 -0.610 22.621
 -0.680  1.052 -0.609 22.600
 -0.679  1.053 -0.609 22.557
 -0.678  1.054 -0.609 22.535
 -0.678  1.055 -0.609 24.702
 -0.678  1.055 -0.609 24.685
 -0.677  1.056 -0.609 24.668
 -0.677  1.057 -0.608 24.651
 -0.676  1.058 -0.608 24.634
 -0.676  1.058 -0.608 28.146
 -0.675  1.060 -0.608 28.102
 -0.674  1.060 -0.608 28.786
 -0.674  1.061 -0.608 28.766
 -0.674  1.062 -0.607 28.745
 -0.673  1.062 -0.607 28.725
 -0.673  1.063 -0.607 28.704
 -0.672  1.064 -0.607 28.684
 -0.672  1.064 -0.607 28.664
 -0.671  1.066 -0.607 29.125
 -0.670  1.066 -0.606 29.107
 -0.670  1.067 -0.606 29.089
 -0.670  1.068 -0.606 29.071
 -0.669  1.068 -0.606 29.053
 -0.669  1.069 -0.606 29.036
 -0.668  1.070 -0.606 29.869
 -0.668  1.070 -0.606 29.852
 -0.667  1.072 -0.605 29.819
 -0.667  1.072 -0.605 31.133
 -0.666  1.073 -0.605 31.115
 -0.666  1.074 -0.605 31.097
 -0.665  1.075 -0.605 32.342
 -0.665  1.075 -0.605 32.325
 -0.664  1.076 -0.604 32.309
 -0.664  1.077 -0.604 32.293
 -0.663  1.078 -0.604 32.261
 -0.663  1.079 -0.604 25.474
 -0.662  1.079 -0.604 25.455
 -0.662  1.080 -0.604 29.596
 -0.661  1.081 -0.603 29.581
 -0.661  1.081 -0.603 29.565
 -0.660  1.082 -0.603 29.549
 -0.660  1.083 -0.603 29.534
 -0.659  1.084 -0.603 29.503
 -0.659  1.085 -0.602 28.769
 -0.658  1.086 -0.602 28.753
 -0.658  1.086 -0.602 28.736
 -0.657  1.087 -0.602 28.720
 -0.657  1.088 -0.602 28.704
 -0.657  1.088 -0.602 31.189
 -0.656  1.089 -0.602 31.170
 -0.655  1.090 -0.601 32.213
 -0.655  1.091 -0.601 32.195
 -0.654  1.092 -0.601 32.177
 -0.654  1.092 -0.601 32.159
 -0.653  1.093 -0.601 32.142
 -0.653  1.094 -0.601 32.124
 -0.652  1.094 -0.600 32.106
 -0.652  1.095 -0.600 27.623
 -0.651  1.097 -0.600 29.209
 -0.651  1.097 -0.600 29.196
 -0.650  1.098 -0.600 29.183
 -0.650  1.099 -0.599 29.170
 -0.649  1.099 -0.599 29.157
 -0.649  1.100 -0.599 29.145
 -0.649  1.101 -0.599 31.064
 -0.648  1.102 -0.599 31.053
 -0.647  1.103 -0.598 31.032
 -0.647  1.104 -0.598 28.832
 -0.647  1.105 -0.598 28.828
 -0.646  1.105 -0.598 28.825
 -0.646  1.106 -0.598 28.821
 -0.646  1.107 -0.597 27.841
 -0.645  1.108 -0.597 27.837
 -0.645  1.108 -0.597 27.833
 -0.644  1.110 -0.597 27.825
 -0.644  1.111 -0.597 27.822
 -0.644  1.111 -0.596 27.818
 -0.643  1.112 -0.596 32.736
 -0.643  1.113 -0.596 31.066
 -0.643  1.114 -0.596 31.077
 -0.643  1.115 -0.596 31.088
 -0.643  1.116 -0.595 31.100
 -0.642  1.117 -0.595 31.122
 -0.642  1.118 -0.595 35.671
 -0.642  1.119 -0.594 35.683
 -0.642  1.120 -0.594 35.695
 -0.642  1.121 -0.594 35.707
 -0.642  1.122 -0.594 35.719
 -0.642  1.123 -0.594 35.731
 -0.641  1.123 -0.593 29.577
 -0.641  1.125 -0.593 32.581
 -0.641  1.126 -0.593 32.586
 -0.640  1.127 -0.593 32.591
 -0.640  1.128 -0.592 32.596
 -0.640  1.128 -0.592 32.602
 -0.640  1.129 -0.592 25.555
 -0.639  1.130 -0.592 25.557
 -0.639  1.131 -0.592 25.559
 -0.638  1.132 -0.591 25.773
 -0.638  1.133 -0.591 25.772
 -0.638  1.134 -0.591 19.046
 -0.637  1.135 -0.591 19.038
 -0.637  1.135 -0.590 19.031
 -0.636  1.136 -0.590 19.024
 -0.636  1.137 -0.590 19.017
 -0.636  1.138 -0.590 19.009
 -0.635  1.139 -0.589 22.642
 -0.634  1.140 -0.589 16.103
 -0.634  1.141 -0.589 16.086
 -0.633  1.141 -0.589 16.068
 -0.633  1.142 -0.589 16.051
 -0.632  1.143 -0.589 16.034
 -0.632  1.143 -0.588 16.017
 -0.631  1.144 -0.588 13.956
 -0.630  1.145 -0.588 13.909
 -0.630  1.146 -0.588 14.379
 -0.629  1.147 -0.588 14.354
 -0.629  1.147 -0.588 14.329
 -0.628  1.148 -0.587 14.305
 -0.628  1.149 -0.587 13.347
 -0.627  1.150 -0.587 13.318
 -0.627  1.150 -0.587 13.288
 -0.626  1.152 -0.587 13.229
 -0.625  1.152 -0.586 14.007
 -0.625  1.153 -0.586 13.976
 -0.624  1.154 -0.586 15.348
 -0.624  1.154 -0.586 15.325
 -0.623  1.155 -0.586 15.303
 -0.622  1.156 -0.586  9.766
 -0.622  1.156 -0.585  9.731
 -0.621  1.158 -0.585 12.612
 -0.620  1.158 -0.585 12.561
 -0.620  1.159 -0.585 12.547
 -0.619  1.160 -0.585 12.533
 -0.619  1.160 -0.584 12.519
 -0.619  1.161 -0.584 12.505
 -0.618  1.162 -0.584 13.032
 -0.618  1.163 -0.584 13.020
 -0.617  1.164 -0.583 12.996
 -0.616  1.165 -0.583 12.985
 -0.616  1.165 -0.583 12.973
 -0.615  1.166 -0.583 12.300
 -0.615  1.167 -0.583  6.821
 -0.614  1.168 -0.583  6.789
 -0.614  1.168 -0.582  6.758
 -0.613  1.169 -0.582  6.726
 -0.612  1.170 -0.582  7.125
 -0.612  1.171 -0.582  7.110
 -0.611  1.172 -0.582  5.405
 -0.611  1.172 -0.581  3.248
 -0.610  1.173 -0.581  3.210
 -0.609  1.174 -0.581  5.673
 -0.609  1.175 -0.581  5.633
 -0.608  1.175 -0.581  5.593
 -0.607  1.177 -0.580  4.915
 -0.607  1.177 -0.580  4.546
 -0.606  1.178 -0.580  4.512
 -0.606  1.179 -0.580  4.809
 -0.605  1.179 -0.580  4.770
 -0.605  1.180 -0.579  8.282
 -0.604  1.181 -0.579  8.242
 -0.604  1.181 -0.579  8.202
 -0.602  1.183 -0.579  7.701
 -0.602  1.183 -0.579  7.555
 -0.601  1.184 -0.578  7.514
 -0.601  1.185 -0.578  7.473
 -0.600  1.185 -0.578  6.315
 -0.600  1.186 -0.578  6.289
 -0.599  1.187 -0.578  8.447
 -0.598  1.187 -0.578  8.415
 -0.597  1.189 -0.577  8.656
 -0.597  1.189 -0.577  8.632
 -0.596  1.190 -0.577 10.082
 -0.596  1.191 -0.577 10.063
 -0.595  1.192 -0.576 10.203
 -0.595  1.192 -0.576 10.186
 -0.594  1.193 -0.576 10.169
 -0.594  1.194 -0.576 11.222
 -0.593  1.195 -0.576 13.002
 -0.592  1.196 -0.575 12.990
 -0.592  1.196 -0.575 12.979
 -0.591  1.197 -0.575 15.452
 -0.591  1.198 -0.575 15.443
 -0.590  1.199 -0.575 15.435
 -0.590  1.199 -0.574 15.427
 -0.589  1.200 -0.574 15.420
 -0.588  1.202 -0.574 15.308
 -0.588  1.202 -0.574 15.379
 -0.587  1.203 -0.573 15.373
 -0.587  1.204 -0.573 15.367
 -0.586  1.204 -0.573 14.648
 -0.586  1.205 -0.573 14.642
 -0.585  1.206 -0.573 14.486
 -0.585  1.207 -0.572 14.480
 -0.584  1.208 -0.572 14.416
 -0.583  1.209 -0.572 14.410
 -0.583  1.210 -0.572 14.546
 -0.582  1.210 -0.571 14.541
 -0.582  1.211 -0.571 14.537
 -0.581  1.212 -0.571  8.643
 -0.581  1.213 -0.571  8.630
 -0.580  1.213 -0.571  7.194
 -0.579  1.215 -0.570  4.344
 -0.579  1.215 -0.570  4.339
 -0.578  1.216 -0.570  4.334
 -0.578  1.217 -0.570 13.260
 -0.577  1.218 -0.570 13.277
 -0.577  1.218 -0.569 13.295
 -0.576  1.219 -0.569  3.946
 -0.576  1.220 -0.569  3.988
 -0.575  1.221 -0.568  7.405
 -0.574  1.222 -0.568  4.980
 -0.574  1.223 -0.568  4.963
 -0.573  1.224 -0.568  4.946
 -0.573  1.224 -0.568  4.929
 -0.572  1.225 -0.567 15.839
 -0.572  1.226 -0.567 15.853
 -0.572  1.227 -0.567 15.868
 -0.571  1.228 -0.567 12.550
 -0.570  1.229 -0.566 16.952
 -0.570  1.230 -0.566 16.256
 -0.569  1.231 -0.566 16.268
 -0.569  1.231 -0.566 16.279
 -0.569  1.232 -0.565 16.291
 -0.568  1.233 -0.565 16.044
 -0.568  1.234 -0.565 16.056
 -0.567  1.235 -0.565 16.080
 -0.566  1.236 -0.564 16.092
 -0.566  1.237 -0.564 20.213
 -0.566  1.238 -0.564 19.865
 -0.565  1.239 -0.564 19.868
 -0.565  1.239 -0.563 19.871
 -0.564  1.240 -0.563 19.874
 -0.564  1.241 -0.563 19.877
 -0.563  1.243 -0.563 19.884
 -0.562  1.243 -0.562 19.887
 -0.562  1.244 -0.562 19.891
 -0.562  1.245 -0.562 31.544
 -0.561  1.246 -0.562 31.543
 -0.561  1.247 -0.562 31.543
 -0.560  1.247 -0.561 33.284
 -0.560  1.248 -0.561 33.282
 -0.559  1.250 -0.561 33.279
 -0.559  1.251 -0.560 33.277
 -0.558  1.251 -0.560 33.276
 -0.558  1.252 -0.560 34.302
 -0.557  1.253 -0.560 27.662
 -0.557  1.254 -0.560 27.651
 -0.556  1.254 -0.559 27.640
 -0.555  1.255 -0.559 27.629
 -0.554  1.257 -0.559 29.285
 -0.554  1.257 -0.558 29.276
 -0.553  1.258 -0.558 29.268
 -0.553  1.259 -0.558 29.260
 -0.552  1.260 -0.558 31.083
 -0.552  1.260 -0.558 31.068
 -0.551  1.261 -0.557 29.739
 -0.550  1.262 -0.557 29.722
 -0.549  1.263 -0.557 23.454
 -0.549  1.264 -0.557 23.433
 -0.548  1.264 -0.556 23.412
 -0.547  1.265 -0.556 23.060
 -0.547  1.266 -0.556 25.252
 -0.546  1.266 -0.556 25.227
 -0.545  1.267 -0.556 25.202
 -0.545  1.268 -0.556 25.176
 -0.543  1.269 -0.555 25.126
 -0.542  1.269 -0.555 26.425
 -0.542  1.270 -0.555 26.403
 -0.541  1.271 -0.555 26.382
 -0.540  1.271 -0.554 27.193
 -0.540  1.272 -0.554 27.170
 -0.539  1.273 -0.554 27.147
 -0.538  1.273 -0.554 29.847
 -0.537  1.275 -0.553 29.812
 -0.537  1.275 -0.553 29.795
 -0.536  1.276 -0.553 29.778
 -0.535  1.277 -0.553 29.760
 -0.535  1.277 -0.553 30.411
 -0.534  1.278 -0.552 29.844
 -0.533  1.279 -0.552 29.516
 -0.533  1.279 -0.552 29.496
 -0.531  1.281 -0.552 29.457
 -0.531  1.281 -0.551 29.438
 -0.530  1.282 -0.551 28.998
 -0.529  1.283 -0.551 28.978
 -0.529  1.283 -0.551 28.958
 -0.528  1.284 -0.551 30.449
 -0.527  1.284 -0.550 30.427
 -0.527  1.285 -0.550 30.404
 -0.525  1.286 -0.550 29.483
 -0.524  1.287 -0.550 29.459
 -0.524  1.288 -0.549 29.435
 -0.523  1.288 -0.549 29.411
 -0.522  1.289 -0.549 29.387
 -0.522  1.289 -0.549 30.098
 -0.521  1.290 -0.549 30.073
 -0.520  1.291 -0.549 29.789
 -0.519  1.292 -0.548 29.738
 -0.518  1.292 -0.548 29.713
 -0.517  1.293 -0.548 29.414
 -0.516  1.294 -0.548 29.389
 -0.516  1.294 -0.547 29.279
 -0.515  1.295 -0.547 29.645
 -0.514  1.295 -0.547 29.619
 -0.513  1.296 -0.547 29.594
 -0.512  1.297 -0.546 29.542
 -0.511  1.298 -0.546 29.516
 -0.511  1.298 -0.546 32.521
 -0.510  1.299 -0.546 32.501
 -0.509  1.300 -0.546 32.481
 -0.508  1.300 -0.545 28.802
 -0.508  1.301 -0.545 28.789
 -0.507  1.302 -0.545 28.775
 -0.506  1.303 -0.545 39.214
 -0.506  1.304 -0.544 39.212
 -0.505  1.305 -0.544 39.211
 -0.505  1.306 -0.544 39.209
 -0.504  1.306 -0.544 39.207
 -0.504  1.307 -0.543 37.766
 -0.503  1.308 -0.543 43.338
 -0.503  1.309 -0.543 43.342
 -0.502  1.311 -0.542 43.349
 -0.502  1.312 -0.542 46.618
 -0.502  1.313 -0.542 46.624
 -0.501  1.314 -0.541 46.630
 -0.501  1.315 -0.541 46.636
 -0.501  1.316 -0.541 44.628
 -0.501  1.317 -0.540 49.284
 -0.500  1.318 -0.540 52.656
 -0.500  1.320 -0.540 52.647
 -0.499  1.321 -0.539 52.642
 -0.499  1.321 -0.539 49.678
 -0.498  1.322 -0.539 49.671
 -0.498  1.323 -0.539 49.664
 -0.497  1.324 -0.538 49.493
 -0.497  1.325 -0.538 49.486
 -0.496  1.326 -0.538 49.479
 -0.495  1.327 -0.537 50.225
 -0.494  1.328 -0.537 50.215
 -0.494  1.329 -0.537 50.205
 -0.493  1.329 -0.537 50.195
 -0.493  1.330 -0.536 50.185
 -0.492  1.331 -0.536 50.176
 -0.492  1.332 -0.536 50.166
 -0.491  1.333 -0.536 36.798
 -0.490  1.334 -0.535 34.933
 -0.489  1.335 -0.535 34.926
 -0.489  1.336 -0.535 34.920
 -0.488  1.336 -0.535 34.914
 -0.488  1.337 -0.534 34.908
 -0.487  1.338 -0.534 34.902
 -0.486  1.339 -0.534 34.896
 -0.486  1.339 -0.534 27.915
 -0.485  1.341 -0.533 34.803
 -0.485  1.342 -0.533 34.814
 -0.484  1.343 -0.532 34.825
 -0.484  1.344 -0.532 34.836
 -0.483  1.345 -0.532 34.848
 -0.483  1.346 -0.532 34.859
 -0.483  1.347 -0.531 39.940
 -0.482  1.348 -0.531 39.952
 -0.482  1.350 -0.530 40.636
 -0.482  1.351 -0.530 40.650
 -0.481  1.352 -0.530 34.993
 -0.481  1.353 -0.530 35.007
 -0.480  1.354 -0.529 35.021
 -0.480  1.355 -0.529 35.036
 -0.480  1.356 -0.529 32.933
 -0.479  1.357 -0.528 32.930
 -0.478  1.359 -0.528 39.815
 -0.478  1.360 -0.528 39.815
 -0.477  1.360 -0.527 39.816
 -0.477  1.361 -0.527 39.817
 -0.476  1.362 -0.527 39.818
 -0.476  1.363 -0.527 44.938
 -0.475  1.364 -0.526 44.925
 -0.474  1.364 -0.526 44.912
 -0.473  1.366 -0.526 44.887
 -0.472  1.367 -0.525 44.874
 -0.472  1.367 -0.525 44.861
 -0.471  1.368 -0.525 44.849
 -0.470  1.369 -0.525 53.858
 -0.470  1.370 -0.524 53.848
 -0.469  1.370 -0.524 49.101
 -0.469  1.371 -0.524 49.091
 -0.467  1.373 -0.523 49.073
 -0.467  1.373 -0.523 49.063
 -0.466  1.374 -0.523 54.918
 -0.466  1.375 -0.523 55.718
 -0.465  1.376 -0.522 55.708
 -0.464  1.377 -0.522 55.697
 -0.464  1.377 -0.522 55.686
 -0.463  1.378 -0.522 55.676
 -0.462  1.380 -0.521 59.893
 -0.462  1.381 -0.521 60.122
 -0.461  1.382 -0.521 60.112
 -0.460  1.382 -0.520 60.102
 -0.460  1.383 -0.520 60.091
 -0.459  1.384 -0.520 66.452
 -0.459  1.385 -0.520 66.445
 -0.458  1.386 -0.519 66.439
 -0.458  1.388 -0.519 66.223
 -0.457  1.389 -0.518 58.021
 -0.457  1.390 -0.518 63.581
 -0.457  1.391 -0.518 63.578
 -0.456  1.392 -0.517 63.575
 -0.456  1.393 -0.517 63.571
 -0.456  1.394 -0.517 55.532
 -0.455  1.395 -0.517 55.526
 -0.454  1.397 -0.516 55.120
 -0.454  1.398 -0.516 55.117
 -0.453  1.399 -0.515 55.114
 -0.453  1.400 -0.515 52.035
 -0.452  1.401 -0.515 52.031
 -0.452  1.402 -0.515 52.027
 -0.451  1.403 -0.514 52.024
 -0.451  1.404 -0.514 51.931
 -0.450  1.406 -0.513 51.937
 -0.450  1.407 -0.513 51.995
 -0.449  1.408 -0.513 51.998
 -0.449  1.409 -0.512 52.001
 -0.449  1.410 -0.512 52.004
 -0.448  1.411 -0.512 52.007
 -0.448  1.412 -0.512 52.417
 -0.447  1.413 -0.511 51.311
 -0.447  1.415 -0.511 51.324
 -0.447  1.417 -0.510 51.331
 -0.446  1.418 -0.510 51.338
 -0.446  1.419 -0.510 51.345
 -0.446  1.420 -0.509 52.094
 -0.445  1.421 -0.509 56.136
 -0.445  1.422 -0.509 56.145
 -0.445  1.424 -0.508 56.154
 -0.444  1.426 -0.508 51.208
 -0.444  1.427 -0.507 51.222
 -0.444  1.429 -0.507 51.236
 -0.444  1.430 -0.507 55.703
 -0.444  1.432 -0.506 55.724
 -0.444  1.433 -0.506 55.745
 -0.444  1.435 -0.505 55.766
 -0.444  1.436 -0.505 55.787
 -0.444  1.439 -0.504 46.629
 -0.443  1.440 -0.504 46.653
 -0.443  1.441 -0.504 44.268
 -0.443  1.442 -0.503 44.285
 -0.443  1.444 -0.503 44.302
 -0.442  1.445 -0.503 48.246
 -0.442  1.446 -0.502 48.262
 -0.442  1.447 -0.502 48.278
 -0.441  1.450 -0.501 48.311
 -0.441  1.451 -0.501 47.514
 -0.441  1.452 -0.500 47.525
 -0.440  1.453 -0.500 48.582
 -0.440  1.455 -0.500 48.593
 -0.440  1.456 -0.499 48.605
 -0.439  1.457 -0.499 48.616
 -0.439  1.458 -0.499 48.628
 -0.438  1.461 -0.498 49.704
 -0.438  1.462 -0.498 47.244
 -0.438  1.463 -0.497 47.261
 -0.438  1.464 -0.497 47.278
 -0.437  1.466 -0.497 47.296
 -0.437  1.467 -0.496 47.313
 -0.437  1.468 -0.496 47.330
 -0.437  1.469 -0.496 47.348
 -0.436  1.472 -0.495 32.916
 -0.435  1.472 -0.495 32.924
 -0.435  1.473 -0.494 32.932
 -0.434  1.474 -0.494 32.940
 -0.433  1.475 -0.494 18.257
 -0.433  1.476 -0.494 18.248
 -0.432  1.477 -0.493 18.240
 -0.431  1.477 -0.493 17.877
 -0.430  1.479 -0.493 17.874
 -0.429  1.480 -0.492 15.480
 -0.428  1.480 -0.492 15.474
 -0.427  1.481 -0.492 15.468
 -0.426  1.482 -0.492 15.462
 -0.426  1.483 -0.491 15.456
 -0.425  1.483 -0.491 16.965
 -0.424  1.484 -0.491 17.333
 -0.423  1.485 -0.490 17.320
 -0.422  1.486 -0.490 17.313
 -0.421  1.487 -0.490 17.307
 -0.420  1.488 -0.490 17.301
 -0.419  1.488 -0.489 17.277
 -0.419  1.489 -0.489 17.268
 -0.418  1.490 -0.489 17.259
 -0.417  1.491 -0.489 17.250
 -0.415  1.492 -0.488 17.233
 -0.415  1.493 -0.488 21.824
 -0.414  1.493 -0.487 21.819
 -0.413  1.494 -0.487 21.394
 -0.412  1.495 -0.487 21.382
 -0.411  1.495 -0.487 22.679
 -0.411  1.496 -0.486 22.666
 -0.410  1.497 -0.486 22.654
 -0.408  1.498 -0.486 22.585
 -0.407  1.499 -0.485 22.569
 -0.406  1.500 -0.485 24.609
 -0.406  1.500 -0.485 24.595
 -0.405  1.501 -0.485 24.582
 -0.404  1.502 -0.484 24.569
 -0.403  1.502 -0.484 24.556
 -0.402  1.503 -0.484 24.594
 -0.401  1.504 -0.483 24.576
 -0.400  1.505 -0.483 32.105
 -0.399  1.506 -0.483 32.100
 -0.398  1.507 -0.483 32.096
 -0.398  1.508 -0.482 32.398
 -0.397  1.508 -0.482 32.397
 -0.396  1.509 -0.482 32.396
 -0.396  1.510 -0.481 32.396
 -0.394  1.512 -0.481 33.552
 -0.394  1.513 -0.481 33.552
 -0.393  1.513 -0.480 33.446
 -0.392  1.514 -0.480 33.444
 -0.391  1.515 -0.480 33.442
 -0.391  1.516 -0.479 33.441
 -0.390  1.517 -0.479 33.211
 -0.389  1.518 -0.479 33.209
 -0.388  1.519 -0.478 33.457
 -0.387  1.520 -0.478 33.458
 -0.386  1.521 -0.478 33.458
 -0.386  1.522 -0.477 33.459
 -0.385  1.523 -0.477 44.255
 -0.384  1.524 -0.477 44.259
 -0.384  1.525 -0.477 44.263
 -0.383  1.526 -0.476 43.967
 -0.382  1.528 -0.476 43.970
 -0.381  1.529 -0.475 52.567
 -0.381  1.530 -0.475 52.570
 -0.380  1.531 -0.475 52.574
 -0.380  1.532 -0.474 52.578
 -0.379  1.533 -0.474 50.628
 -0.378  1.533 -0.474 50.613
 -0.377  1.534 -0.473 50.599
 -0.376  1.535 -0.473 48.414
 -0.375  1.536 -0.473 48.399
 -0.374  1.537 -0.472 50.412
 -0.373  1.537 -0.472 50.387
 -0.372  1.537 -0.472 50.363
 -0.370  1.538 -0.472 56.839
 -0.369  1.538 -0.472 56.814
 -0.368  1.538 -0.471 56.789
 -0.366  1.539 -0.471 55.338
 -0.365  1.540 -0.471 55.319
 -0.364  1.540 -0.470 55.300
 -0.363  1.541 -0.470 55.280
 -0.362  1.541 -0.470 55.261
 -0.361  1.542 -0.470 55.242
 -0.360  1.542 -0.470 61.590
 -0.359  1.543 -0.469 59.164
 -0.357  1.544 -0.469 59.126
 -0.356  1.544 -0.469 59.107
 -0.355  1.545 -0.468 59.089
 -0.354  1.545 -0.468 59.070
 -0.353  1.546 -0.468 59.128
 -0.352  1.546 -0.468 59.115
 -0.351  1.547 -0.467 59.103
 -0.350  1.548 -0.467 59.090
 -0.349  1.549 -0.466 56.735
 -0.348  1.550 -0.466 56.872
 -0.347  1.550 -0.466 56.857
 -0.346  1.551 -0.466 56.842
 -0.345  1.552 -0.465 56.827
 -0.344  1.552 -0.465 56.812
 -0.343  1.553 -0.465 56.798
 -0.342  1.553 -0.465 58.052
 -0.340  1.554 -0.464 66.551
 -0.339  1.554 -0.464 66.528
 -0.337  1.554 -0.464 66.505
 -0.336  1.555 -0.464 66.482
 -0.335  1.555 -0.463 66.459
 -0.334  1.555 -0.463 65.966
 -0.333  1.556 -0.463 65.947
 -0.332  1.556 -0.463 65.928
 -0.330  1.557 -0.462 65.891
 -0.328  1.557 -0.462 65.872
 -0.327  1.558 -0.462 51.953
 -0.327  1.559 -0.461 51.944
 -0.326  1.559 -0.461 51.935
 -0.325  1.560 -0.461 51.926
 -0.324  1.561 -0.460 51.917
 -0.323  1.562 -0.460 51.907
 -0.322  1.564 -0.460 48.002
 -0.322  1.565 -0.459 48.006
 -0.321  1.566 -0.459 48.009
 -0.320  1.567 -0.459 56.216
 -0.320  1.568 -0.458 56.216
 -0.319  1.569 -0.458 56.215
 -0.318  1.570 -0.458 52.645
 -0.318  1.571 -0.457 52.657
 -0.317  1.574 -0.456 52.682
 -0.317  1.575 -0.456 53.540
 -0.316  1.577 -0.456 53.552
 -0.316  1.578 -0.455 53.565
 -0.316  1.579 -0.455 53.577
 -0.315  1.581 -0.454 53.967
 -0.315  1.582 -0.454 53.679
 -0.315  1.584 -0.454 48.806
 -0.314  1.587 -0.453 48.851
 -0.313  1.588 -0.452 48.873
 -0.313  1.589 -0.452 41.090
 -0.313  1.591 -0.452 41.115
 -0.312  1.592 -0.451 41.141
 -0.311  1.593 -0.451 39.922
 -0.311  1.594 -0.451 39.921
 -0.310  1.595 -0.450 39.920
 -0.308  1.596 -0.450 34.934
 -0.307  1.597 -0.449 34.928
 -0.306  1.598 -0.449 34.923
 -0.306  1.599 -0.449 21.255
 -0.305  1.599 -0.449 21.966
 -0.304  1.600 -0.448 36.083
 -0.303  1.601 -0.448 36.072
 -0.302  1.601 -0.448 36.061
 -0.300  1.603 -0.447 36.039
 -0.299  1.603 -0.447 36.029
 -0.298  1.604 -0.447 36.018
 -0.298  1.605 -0.446 33.966
 -0.297  1.606 -0.446 35.202
 -0.296  1.607 -0.446 35.217
 -0.296  1.608 -0.445 35.231
 -0.295  1.609 -0.445 35.246
 -0.293  1.611 -0.444 31.452
 -0.293  1.612 -0.444 26.656
 -0.292  1.613 -0.444 26.668
 -0.291  1.614 -0.443 26.679
 -0.290  1.615 -0.443 26.691
 -0.290  1.616 -0.443 26.702
 -0.289  1.617 -0.442 26.714
 -0.288  1.618 -0.442 24.151
 -0.286  1.619 -0.441 24.270
 -0.286  1.620 -0.441 24.282
 -0.285  1.621 -0.441 24.294
 -0.284  1.622 -0.440 33.527
 -0.283  1.623 -0.440 33.541
 -0.283  1.624 -0.440 34.454
 -0.282  1.625 -0.439 34.471
 -0.281  1.626 -0.439 34.488
 -0.280  1.628 -0.438 29.319
 -0.279  1.629 -0.438 29.336
 -0.278  1.630 -0.438 29.354
 -0.277  1.631 -0.437 28.737
 -0.277  1.632 -0.437 28.751
 -0.276  1.633 -0.437 28.765
 -0.275  1.634 -0.436 22.160
 -0.274  1.635 -0.436 22.174
 -0.273  1.636 -0.435 21.261
 -0.272  1.637 -0.435 21.271
 -0.271  1.638 -0.435 21.280
 -0.270  1.639 -0.434 28.565
 -0.269  1.640 -0.434 28.576
 -0.268  1.641 -0.434 28.587
 -0.268  1.641 -0.433 28.597
 -0.267  1.642 -0.433 28.530
 -0.265  1.644 -0.432 27.492
 -0.264  1.645 -0.432 27.502
 -0.263  1.646 -0.432 27.513
 -0.263  1.647 -0.431 30.772
 -0.262  1.648 -0.431 30.790
 -0.261  1.649 -0.431 21.938
 -0.260  1.650 -0.430 21.957
 -0.260  1.651 -0.430 21.976
 -0.258  1.652 -0.429 23.924
 -0.257  1.653 -0.429 23.949
 -0.256  1.654 -0.429 23.735
 -0.255  1.655 -0.428 23.760
 -0.255  1.656 -0.428 23.785
 -0.254  1.657 -0.428 24.268
 -0.253  1.658 -0.427 28.632
 -0.252  1.659 -0.427 28.657
 -0.251  1.661 -0.426 28.707
 -0.250  1.662 -0.426 27.322
 -0.249  1.663 -0.426 25.838
 -0.249  1.664 -0.425 25.860
 -0.248  1.665 -0.425 25.883
 -0.247  1.666 -0.425 25.906
 -0.246  1.667 -0.424 25.928
 -0.245  1.668 -0.424 31.504
 -0.244  1.671 -0.423 36.686
 -0.243  1.672 -0.423 36.714
 -0.243  1.673 -0.422 36.741
 -0.242  1.674 -0.422 36.769
 -0.242  1.676 -0.422 40.578
 -0.241  1.677 -0.421 40.610
 -0.240  1.678 -0.421 30.341
 -0.240  1.680 -0.421 30.381
 -0.238  1.682 -0.420 30.462
 -0.238  1.683 -0.419 30.503
 -0.237  1.684 -0.419 18.605
 -0.236  1.685 -0.419 18.635
 -0.235  1.686 -0.418 18.665
 -0.234  1.687 -0.418 18.695
 -0.233  1.688 -0.418 27.637
 -0.233  1.689 -0.417 27.658
 -0.231  1.691 -0.417 27.520
 -0.230  1.692 -0.416 27.541
 -0.229  1.693 -0.416 27.321
 -0.228  1.694 -0.416 27.343
 -0.228  1.695 -0.415 27.365
 -0.227  1.696 -0.415 27.387
 -0.226  1.697 -0.415 24.975
 -0.225  1.697 -0.414 20.705
 -0.223  1.699 -0.414 20.733
 -0.222  1.700 -0.413 20.746
 -0.221  1.701 -0.413 20.760
 -0.220  1.701 -0.413 19.118
 -0.219  1.702 -0.412 19.101
 -0.218  1.703 -0.412 19.085
 -0.217  1.703 -0.412 19.068
 -0.216  1.704 -0.411 24.724
 -0.214  1.705 -0.411 26.783
 -0.213  1.705 -0.411 26.765
 -0.212  1.706 -0.410 26.747
 -0.211  1.707 -0.410 26.729
 -0.209  1.707 -0.410 26.711
 -0.208  1.708 -0.409 26.693
 -0.207  1.708 -0.409 26.021
 -0.206  1.709 -0.409 26.741
 -0.204  1.710 -0.408 26.701
 -0.203  1.710 -0.408 26.681
 -0.202  1.711 -0.408 18.551
 -0.201  1.711 -0.407 18.531
 -0.199  1.712 -0.407 18.510
 -0.198  1.712 -0.407 18.490
 -0.197  1.713 -0.406 13.800
 -0.196  1.714 -0.406 25.323
 -0.194  1.715 -0.405 25.328
 -0.193  1.716 -0.405 25.331
 -0.192  1.717 -0.405 25.334
 -0.191  1.717 -0.404 25.336
 -0.190  1.718 -0.404 25.390
 -0.189  1.719 -0.404 25.403
 -0.189  1.720 -0.403 19.283
 -0.188  1.721 -0.403 19.290
 -0.186  1.722 -0.402 29.429
 -0.185  1.723 -0.402 26.535
 -0.184  1.723 -0.402 27.473
 -0.182  1.724 -0.402 27.464
 -0.181  1.725 -0.401 27.455
 -0.180  1.725 -0.401 27.447
 -0.179  1.726 -0.401 22.150
 -0.178  1.726 -0.400 22.127
 -0.176  1.727 -0.400 24.669
 -0.175  1.728 -0.399 24.641
 -0.173  1.728 -0.399 25.841
 -0.172  1.728 -0.399 25.796
 -0.171  1.728 -0.399 25.751
 -0.169  1.728 -0.398 25.707
 -0.168  1.728 -0.398 23.847
 -0.166  1.728 -0.398 23.804
 -0.164  1.728 -0.397 23.713
 -0.162  1.729 -0.397 23.668
 -0.161  1.729 -0.397 27.223
 -0.160  1.729 -0.397 11.459
 -0.158  1.729 -0.396 11.417
 -0.157  1.729 -0.396 11.374
 -0.156  1.730 -0.396  8.460
 -0.155  1.730 -0.395  8.415
 -0.152  1.731 -0.395  8.324
 -0.151  1.731 -0.395 12.246
 -0.150  1.731 -0.394  9.878
 -0.149  1.732 -0.394  9.839
 -0.148  1.732 -0.394 13.877
 -0.146  1.732 -0.393 13.851
 -0.145  1.733 -0.393  9.753
 -0.144  1.733 -0.393 18.522
 -0.141  1.733 -0.392 18.442
 -0.140  1.734 -0.392 18.401
 -0.139  1.734 -0.392  9.458
 -0.138  1.734 -0.391  9.416
 -0.136  1.735 -0.391  9.373
 -0.135  1.735 -0.391 15.629
 -0.134  1.735 -0.391 15.584
 -0.133  1.736 -0.390 14.438
 -0.130  1.736 -0.390 14.365
 -0.129  1.737 -0.389 14.328
 -0.128  1.737 -0.389 10.254
 -0.127  1.737 -0.389 13.934
 -0.125  1.738 -0.389 13.901
 -0.124  1.738 -0.388 13.869
 -0.123  1.739 -0.388 13.836
 -0.122  1.739 -0.388 13.804
 -0.120  1.740 -0.387 12.018
 -0.118  1.740 -0.387 11.993
 -0.117  1.741 -0.386 11.968
 -0.116  1.741 -0.386 11.943
 -0.115  1.742 -0.386 11.919
 -0.114  1.742 -0.385  2.360
 -0.113  1.742 -0.385  7.448
 -0.111  1.743 -0.385  6.920
 -0.109  1.744 -0.384  6.830
 -0.108  1.744 -0.384  6.785
 -0.107  1.744 -0.384  6.740
 -0.105  1.745 -0.383  6.695
 -0.104  1.745 -0.383 11.861
 -0.103  1.745 -0.383 11.816
 -0.102  1.746 -0.382 11.770
 -0.100  1.746 -0.382 11.722
 -0.098  1.746 -0.382 11.630
 -0.097  1.747 -0.381 12.861
 -0.095  1.747 -0.381 11.744
 -0.094  1.747 -0.381 11.700
 -0.093  1.748 -0.380 11.655
 -0.092  1.748 -0.380 11.610
 -0.090  1.748 -0.380 11.337
 -0.089  1.748 -0.379  9.451
 -0.087  1.749 -0.379 11.191
 -0.086  1.749 -0.379 11.148
 -0.084  1.750 -0.378 11.105
 -0.083  1.750 -0.378 11.062
 -0.082  1.750 -0.378  8.441
 -0.081  1.751 -0.377  8.401
 -0.079  1.751 -0.377  8.361
 -0.078  1.751 -0.377  8.321
 -0.076  1.752 -0.376  8.241
 -0.075  1.753 -0.376  7.275
 -0.073  1.753 -0.375  5.797
 -0.072  1.753 -0.375  5.758
 -0.071  1.754 -0.375  5.720
 -0.070  1.754 -0.375  5.681
 -0.069  1.755 -0.374  5.643
 -0.067  1.755 -0.374  5.604
 -0.065  1.756 -0.373  4.024
 -0.064  1.756 -0.373  4.774
 -0.063  1.757 -0.373  4.760
 -0.062  1.757 -0.372  4.747
 -0.060  1.758 -0.372  4.734
 -0.059  1.758 -0.372  4.710
 -0.058  1.759 -0.371  6.877
 -0.057  1.759 -0.371  1.997
 -0.055  1.760 -0.370  2.033
 -0.054  1.761 -0.370  7.004
 -0.052  1.761 -0.370  7.027
 -0.051  1.762 -0.369  6.475
 -0.050  1.763 -0.369  6.492
 -0.049  1.763 -0.369  6.510
 -0.048  1.764 -0.368  6.527
 -0.047  1.764 -0.368  7.909
 -0.045  1.765 -0.367  8.847
 -0.043  1.766 -0.367  8.872
 -0.042  1.767 -0.367  8.898
 -0.041  1.767 -0.366  7.821
 -0.040  1.768 -0.366  7.848
 -0.039  1.768 -0.365  7.875
 -0.038  1.769 -0.365 11.422
 -0.037  1.770 -0.365 11.459
 -0.035  1.771 -0.364 11.414
 -0.034  1.772 -0.364 11.451
 -0.032  1.773 -0.363 11.489
 -0.031  1.773 -0.363 18.242
 -0.030  1.774 -0.363 18.285
 -0.029  1.775 -0.362 18.327
 -0.028  1.776 -0.362 18.369
 -0.027  1.777 -0.361 18.665
 -0.025  1.778 -0.361 19.567
 -0.024  1.779 -0.360 19.610
 -0.023  1.780 -0.360 19.652
 -0.022  1.781 -0.360 19.695
 -0.021  1.782 -0.359 18.962
 -0.020  1.783 -0.359 19.006
 -0.019  1.784 -0.358 14.681
 -0.018  1.784 -0.358 14.723
 -0.016  1.786 -0.357 14.807
 -0.015  1.787 -0.357 15.909
 -0.014  1.788 -0.357 15.950
 -0.013  1.788 -0.356 11.192
 -0.012  1.789 -0.356 11.229
 -0.010  1.790 -0.355 11.265
 -0.009  1.790 -0.355 11.302
 -0.008  1.791 -0.355 20.584
 -0.006  1.793 -0.354 16.197
 -0.005  1.793 -0.354 16.212
 -0.004  1.794 -0.353 16.227
 -0.003  1.795 -0.353 26.387
 -0.002  1.795 -0.353 26.405
 -0.001  1.796 -0.352 26.422
  0.000  1.797 -0.352 27.910
  0.000  1.798 -0.351 27.932
  0.002  1.800 -0.351 27.793
  0.004  1.801 -0.350 27.815
  0.005  1.802 -0.350 28.715
  0.006  1.803 -0.349 28.739
  0.007  1.804 -0.349 28.762
  0.008  1.805 -0.349 28.786
  0.009  1.805 -0.348 18.382
  0.010  1.806 -0.348 18.418
  0.012  1.808 -0.347 15.164
  0.013  1.808 -0.347 15.195
  0.014  1.809 -0.346 15.226
  0.015  1.810 -0.346 16.312
  0.016  1.811 -0.346 16.335
  0.018  1.811 -0.345 15.236
  0.019  1.812 -0.345 15.255
  0.020  1.813 -0.344 15.377
  0.022  1.814 -0.344 15.414
  0.023  1.815 -0.343 15.434
  0.024  1.815 -0.343 19.500
  0.026  1.816 -0.343 19.530
  0.027  1.817 -0.342 19.559
  0.028  1.818 -0.342 19.589
  0.029  1.819 -0.341 21.916
  0.030  1.819 -0.341 25.550
  0.032  1.821 -0.340 25.615
  0.033  1.822 -0.340 25.647
  0.034  1.823 -0.339 26.825
  0.035  1.824 -0.339 26.851
  0.036  1.825 -0.339 31.954
  0.037  1.826 -0.338 27.992
  0.038  1.827 -0.338 28.027
  0.039  1.828 -0.337 28.061
  0.041  1.831 -0.337 30.735
  0.042  1.832 -0.336 30.771
  0.043  1.833 -0.336 30.808
  0.044  1.834 -0.335 32.118
  0.045  1.835 -0.335 32.153
  0.046  1.836 -0.334 25.296
  0.047  1.837 -0.334 25.327
  0.048  1.838 -0.334 25.357
  0.051  1.840 -0.333 31.984
  0.052  1.840 -0.333 23.685
  0.053  1.841 -0.332 25.306
  0.054  1.842 -0.332 25.311
  0.055  1.842 -0.331 25.315
  0.057  1.843 -0.331 25.320
  0.058  1.844 -0.331 24.083
  0.059  1.844 -0.330 24.078
  0.061  1.845 -0.330 26.165
  0.063  1.846 -0.329 26.162
  0.064  1.846 -0.329 26.158
  0.065  1.847 -0.328 26.465
  0.066  1.848 -0.328 26.464
  0.067  1.848 -0.328 26.463
  0.069  1.849 -0.327 26.462
  0.070  1.849 -0.327 26.462
  0.072  1.851 -0.326 23.188
  0.073  1.851 -0.326 23.197
  0.075  1.852 -0.325 23.205
  0.076  1.853 -0.325 23.214
  0.077  1.853 -0.325 23.224
  0.078  1.854 -0.324 27.626
  0.079  1.855 -0.324 27.647
  0.080  1.856 -0.323 27.668
  0.083  1.858 -0.323 26.799
  0.084  1.859 -0.322 37.254
  0.085  1.860 -0.322 37.295
  0.086  1.861 -0.321 38.092
  0.087  1.863 -0.321 38.132
  0.088  1.864 -0.320 38.171
  0.089  1.866 -0.320 34.837
  0.090  1.867 -0.320 34.876
  0.092  1.869 -0.319 34.954
  0.093  1.871 -0.318 37.213
  0.094  1.872 -0.318 25.426
  0.095  1.873 -0.317 25.463
  0.096  1.874 -0.317 25.500
  0.097  1.875 -0.317 25.537
  0.098  1.876 -0.316 18.530
  0.100  1.876 -0.316 18.562
  0.102  1.878 -0.315 21.584
  0.103  1.879 -0.315 21.614
  0.104  1.879 -0.314 19.980
  0.105  1.880 -0.314 20.008
  0.107  1.881 -0.313 20.037
  0.108  1.882 -0.313 20.065
  0.109  1.883 -0.313 29.438
  0.110  1.884 -0.312 29.473
  0.112  1.886 -0.311 29.578
  0.113  1.887 -0.311 32.779
  0.114  1.888 -0.310 33.274
  0.116  1.890 -0.310 33.316
  0.117  1.891 -0.309 33.359
  0.118  1.892 -0.309 33.401
  0.119  1.893 -0.309 24.697
  0.120  1.894 -0.308 24.738
  0.122  1.896 -0.307 21.138
  0.124  1.897 -0.307 26.160
  0.125  1.898 -0.307 26.204
  0.126  1.899 -0.306 26.249
  0.127  1.900 -0.306 25.226
  0.128  1.901 -0.305 26.024
  0.129  1.902 -0.305 26.069
  0.130  1.903 -0.304 26.115
  0.133  1.905 -0.304 26.205
  0.134  1.906 -0.303 19.660
  0.135  1.907 -0.303 17.907
  0.136  1.907 -0.302 17.950
  0.138  1.908 -0.302 17.992
  0.139  1.909 -0.302 18.034
  0.140  1.910 -0.301 20.479
  0.141  1.910 -0.301 14.828
  0.144  1.912 -0.300 14.916
  0.145  1.912 -0.300 14.961
  0.146  1.913 -0.299 17.193
  0.148  1.914 -0.299 17.238
  0.149  1.914 -0.298 17.566
  0.150  1.915 -0.298 17.603
  0.151  1.916 -0.298 17.640
  0.153  1.916 -0.297 17.676
  0.155  1.917 -0.296 13.126
  0.157  1.917 -0.296 13.155
  0.158  1.918 -0.296 12.400
  0.159  1.918 -0.295 12.433
  0.161  1.919 -0.295 12.466
  0.162  1.919 -0.295  8.471
  0.163  1.920 -0.294  8.489
  0.165  1.920 -0.294 10.681
  0.168  1.920 -0.293 10.679
  0.169  1.921 -0.293  7.212
  0.170  1.921 -0.292  8.966
  0.172  1.921 -0.292  8.950
  0.173  1.921 -0.292  8.933
  0.175  1.921 -0.291 14.305
  0.176  1.921 -0.291 14.281
  0.177  1.921 -0.291 14.257
  0.180  1.922 -0.290 12.501
  0.182  1.922 -0.290 12.486
  0.183  1.922 -0.289  5.695
  0.185  1.922 -0.289  5.668
  0.186  1.922 -0.289  7.776
  0.187  1.922 -0.288  7.747
  0.189  1.923 -0.288  6.718
  0.190  1.923 -0.287  6.717
  0.193  1.923 -0.287  7.629
  0.194  1.923 -0.286  7.624
  0.196  1.924 -0.286  7.620
  0.197  1.924 -0.286  7.914
  0.198  1.924 -0.285  6.659
  0.200  1.925 -0.285  6.678
  0.201  1.925 -0.284  4.647
  0.203  1.925 -0.284  4.675
  0.205  1.926 -0.283  6.845
  0.207  1.926 -0.283  6.879
  0.208  1.927 -0.283  6.913
  0.209  1.927 -0.282  6.920
  0.211  1.927 -0.282  6.956
  0.212  1.928 -0.281  6.991
  0.214  1.928 -0.281  6.059
  0.215  1.928 -0.281  6.091
  0.218  1.929 -0.280  8.211
  0.219  1.930 -0.280  8.258
  0.220  1.930 -0.279  4.080
  0.222  1.931 -0.279  8.658
  0.223  1.931 -0.278  8.696
  0.224  1.932 -0.278  8.734
  0.226  1.932 -0.278  8.344
  0.227  1.933 -0.277  8.388
  0.230  1.933 -0.276  2.983
  0.231  1.934 -0.276  3.011
  0.233  1.934 -0.276  3.039
  0.234  1.934 -0.275  7.934
  0.235  1.935 -0.275  7.962
  0.237  1.935 -0.274  7.991
  0.238  1.935 -0.274 12.599
  0.240  1.935 -0.274 12.562
  0.242  1.935 -0.273 13.333
  0.244  1.935 -0.273 13.289
  0.245  1.935 -0.272 18.724
  0.247  1.935 -0.272 27.314
  0.248  1.935 -0.272 27.269
  0.250  1.934 -0.271 28.056
  0.251  1.934 -0.271 28.012
  0.253  1.933 -0.271 31.478
  0.256  1.931 -0.270 37.995
  0.258  1.931 -0.270 37.951
  0.260  1.930 -0.270 36.225
  0.261  1.929 -0.269 41.107
  0.263  1.928 -0.269 41.062
  0.264  1.927 -0.269 41.017
  0.266  1.926 -0.268 40.972
  0.268  1.925 -0.268 41.519
  0.271  1.923 -0.268 38.156
  0.273  1.922 -0.267 37.979
  0.274  1.921 -0.267 37.933
  0.276  1.921 -0.267 36.258
  0.277  1.920 -0.266 35.374
  0.279  1.919 -0.266 35.328
  0.281  1.918 -0.266 35.281
  0.282  1.918 -0.266 33.307
  0.285  1.916 -0.265 36.465
  0.287  1.915 -0.265 36.418
  0.288  1.915 -0.264 36.372
  0.290  1.914 -0.264 35.382
  0.292  1.913 -0.264 39.005
  0.293  1.912 -0.263 38.959
  0.295  1.911 -0.263 38.912
  0.296  1.911 -0.263 38.733
  0.300  1.909 -0.262 41.864
  0.301  1.908 -0.262 41.818
  0.303  1.907 -0.262 41.771
  0.304  1.906 -0.261 49.758
  0.306  1.905 -0.261 51.134
  0.308  1.903 -0.261 51.089
  0.309  1.902 -0.261 51.043
  0.311  1.901 -0.260 57.237
  0.314  1.897 -0.260 57.144
  0.316  1.895 -0.260 57.818
  0.318  1.894 -0.259 58.333
  0.320  1.892 -0.259 58.287
  0.321  1.890 -0.259 58.241
  0.323  1.888 -0.259 54.268
  0.325  1.887 -0.259 54.222
  0.326  1.885 -0.258 54.175
  0.330  1.882 -0.258 54.438
  0.331  1.880 -0.258 54.391
  0.333  1.879 -0.257 46.417
  0.335  1.877 -0.257 50.335
  0.336  1.876 -0.257 50.291
  0.338  1.874 -0.257 50.246
  0.340  1.872 -0.256 53.352
  0.341  1.871 -0.256 57.895
  0.345  1.866 -0.256 63.098
  0.347  1.863 -0.256 63.055
  0.349  1.861 -0.255 66.642
  0.350  1.858 -0.255 66.598
  0.352  1.855 -0.255 52.400
  0.354  1.853 -0.255 60.823
  0.356  1.850 -0.255 60.776
  0.357  1.848 -0.255 50.743
  0.361  1.845 -0.254 52.831
  0.362  1.844 -0.254 52.784
  0.364  1.842 -0.254 54.864
  0.366  1.840 -0.253 54.818
  0.367  1.838 -0.253 53.552
  0.369  1.837 -0.253 47.690
  0.370  1.835 -0.253 47.643
  0.372  1.834 -0.252 44.726
